* A B C D E F G H I J K L
A 0 3 2 0 9 0 0 0 0 0 0 0
B 3 0 0 2 4 0 0 0 0 0 0 0
C 2 0 0 0 6 9 0 0 0 0 0 0
D 0 2 0 0 0 0 3 0 0 0 0 0
E 9 4 6 0 0 0 1 2 0 0 0 0
F 0 0 9 0 0 0 0 1 2 0 0 0
G 0 0 0 3 1 0 0 0 0 5 0 0
H 0 0 0 0 2 1 0 0 0 5 6 9
I 0 0 0 0 0 2 0 0 0 0 2 0
J 0 0 0 0 0 0 5 5 0 0 0 5
K 0 0 0 0 0 0 0 6 2 0 0 3
L 0 0 0 0 0 0 0 9 0 5 3 0


0 96 46 96 5 36 19 82 11 81
96 0 1 87 47 48 76 12 12 50
46 1 0 93 80 89 45 46 16 72
96 87 93 0 91 52 75 82 98 90
5 47 80 91 0 21 1 22 30 0
36 48 89 52 21 0 54 10 30 86
19 76 45 75 1 54 0 23 79 25
82 12 46 82 22 10 23 0 28 30
11 12 16 98 30 30 79 28 0 47
81 50 72 90 0 86 25 30 47 0

* A B C D E F G H I J
A 0 96 46 96 5 36 19 82 11 81
B 96 0 1 87 47 48 76 12 12 50
C 46 1 0 93 80 89 45 46 16 72
D 96 87 93 0 91 52 75 82 98 90
E 5 47 80 91 0 21 1 22 30 0
F 36 48 89 52 21 0 54 10 30 86
G 19 76 45 75 1 54 0 23 79 25
H 82 12 46 82 22 10 23 0 28 30
I 11 12 16 98 30 30 79 28 0 47
J 81 50 72 90 0 86 25 30 47 0

* A B C
A 0 88 97
B 88 0 17
C 97 17 0